1388180 295976 33460 249721 1289 186958 1551 35050 22698 5547 19497 1835 4414 10276
295976 89622 6936 61107 332 45312 114 8482 4841 923 4265 466 1432 2726
33460 6936 2368 6109 42 7671 125 1406 583 294 953 48 273 169
249721 61107 6109 74748 147 30368 501 5811 3818 1432 2657 458 642 2362
1289 332 42 147 10 333 0 57 20 1 38 3 32 2
186958 45312 7671 30368 333 79032 416 11180 4930 799 8845 428 1552 2272
1551 114 125 501 0 416 710 48 10 0 149 2 1 4
35050 8482 1406 5811 57 11180 48 2124 851 188 1286 88 296 393
22698 4841 583 3818 20 4930 10 851 756 57 530 58 38 233
5547 923 294 1432 1 799 0 188 57 486 54 2 34 91
19497 4265 953 2657 38 8845 149 1286 530 54 1392 58 178 171
1835 466 48 458 3 428 2 88 58 2 58 28 15 15
4414 1432 273 642 32 1552 1 296 38 34 178 15 272 25
10276 2726 169 2362 2 2272 4 393 233 91 171 15 25 924
