1350828 437368 76926 331878 1197 692491 4899 182858 43072 6513 95283 3628 31128 20482
437368 262628 24523 152511 524 260207 1024 61663 18724 2014 35323 1741 11541 9163
76926 24523 9422 20201 88 64007 1542 15073 3072 653 9236 279 3398 1465
331878 152511 20201 148920 371 188057 4755 48410 14858 2317 24982 1401 9741 7788
1197 524 88 371 2 949 3 197 63 1 117 6 86 31
692491 260207 64007 188057 949 1051254 3481 169996 34110 4811 137744 2916 51117 17896
4899 1024 1542 4755 3 3481 8626 724 152 19 601 17 75 60
182858 61663 15073 48410 197 169996 724 52086 8422 1083 23362 723 8523 5393
43072 18724 3072 14858 63 34110 152 8422 3604 332 4327 256 1469 1246
6513 2014 653 2317 1 4811 19 1083 332 264 652 34 157 164
95283 35323 9236 24982 117 137744 601 23362 4327 652 20082 391 6533 2494
3628 1741 279 1401 6 2916 17 723 256 34 391 98 195 83
31128 11541 3398 9741 86 51117 75 8523 1469 157 6533 195 6144 816
20482 9163 1465 7788 31 17896 60 5393 1246 164 2494 83 816 2514
